year,t
1980,26.843752261261265
1981,26.993155177723178
1982,26.714378845208845
1983,27.26512233824734
1984,27.18171515151515
1985,26.97238185012285
1986,26.959475674856677
1987,27.711373756756753
1988,27.311545490581487
1989,27.08709253890254
1990,27.288041511875516
1991,27.10326630958231
1992,27.03125191809992
1993,27.21518120556921
1994,27.08467279197379
1995,27.397166420966418
1996,27.390885954954957
1997,27.219396711711713
1998,27.81566143570844
1999,27.19611411793612
2000,27.298555674856676
2001,27.328910324324323
2002,27.37436461015561
2003,27.542028307125307
2004,27.364776471744474
2005,27.555490366093366
2006,27.57268158230958
2007,27.464183689598688
2008,27.412423222768222
2009,27.47988605159705
2010,27.74901745782146
2011,27.443686726453727
2012,27.179326503685505
2013,27.411957405405403
2014,27.397777678132677
2015,27.52590856592957
2016,27.847791201474205
2017,27.852857998361998
2018,27.627856496314493
2019,27.91911446273546
2020,27.940749380835378
2021,28.165727553644555
